// lw	$s1, $t7, 0
00
00
2F
8E
// nop lw 3 times
00
00
00
00

00
00
00
00

00
00
00
00
// srl  $t7, $t6, 3
C2
70
0F
00
// beq	$s1, $s2, 6
06
00
31
12
// nop beq
00
00
00
00
// add	$s2, $s0, $s2
20
90
50
02
// nop add 3 times
00
00
00
00

00
00
00
00

00
00
00
00
// sub	$s2, $s0, $s2
22
90
50
02
// add	$s1, $s0, $s1, 0
20
88
30
02
// nop sub 2 times
00
00
00
00

00
00
00
00
// or	$s2, $s0, $s2
25
90
50
02
// add	$s1, $s0, $s1, 0
20
88
30
02
// nop or 2 times
00
00
00
00

00
00
00
00
// sub	$s2, $s0, $s2
22
90
50
02
// nop or 3 times
00
00
00
00

00
00
00
00

00
00
00
00
// or	$s2, $s0, $s2
25
90
50
02
// lw	$s1, $t5, 0
00
00
2D
8E
// nop or 2 times
00
00
00
00

00
00
00
00
// ori  $s2, $s0, 4
04
00
50
36
// sw 	$zero, $s2, 24
18
00
12
AC
// divu $t7, $v1
1B
00
E3
01
// nop 34times
00
00
00
00

00
00
00
00

00
00
00
00

00
00
00
00

00
00
00
00

00
00
00
00

00
00
00
00

00
00
00
00

00
00
00
00

00
00
00
00

00
00
00
00

00
00
00
00

00
00
00
00

00
00
00
00

00
00
00
00

00
00
00
00

00
00
00
00

00
00
00
00

00
00
00
00

00
00
00
00

00
00
00
00

00
00
00
00

00
00
00
00

00
00
00
00

00
00
00
00

00
00
00
00

00
00
00
00

00
00
00
00

00
00
00
00

00
00
00
00

00
00
00
00

00
00
00
00

00
00
00
00

00
00
00
00
// mfhi $s1
10
88
00
00
// mflo $s0
12
80
00
00